image: empty_map.png
resolution: 0.25
origin: [-200.000000, -10.000000, 0.000000]
negate: 0
occupied_thresh: 0.65
free_thresh: 0.0

